0 0 0 -7.458134171671
1 0 1 -7.175704635190001
2 0 2 -6.861894039100001
3 0 4 -6.12579511
4 0 5 -5.6953279000000006
5 0 7 0.0
6 1 0 -7.175704635190001
7 1 1 -6.861894039100001
8 1 2 -6.5132155990000005
9 1 3 -6.12579511
10 1 4 -5.6953279000000006
11 1 5 -5.217031
12 1 7 -1.0
13 2 0 -7.458134171671
14 2 1 -7.175704635190001
15 2 2 -6.861894039100001
16 2 4 -5.217031
17 2 5 -4.68559
18 2 7 -1.9
19 3 0 -7.7123207545039
20 3 1 -7.458134171671
21 3 2 -7.175704635190001
22 3 4 -4.68559
23 3 5 -4.0951
24 3 6 -3.439
25 3 7 -2.71
26 4 0 -7.94108867905351
27 4 2 -7.458134171671
28 4 3 -7.7123207545039
29 4 5 -4.68559
30 4 6 -4.0951
31 4 7 -3.439
32 5 0 -8.14697981114816
33 5 1 -7.94108867905351
34 5 2 -7.7123207545039
35 5 3 -7.94108867905351
36 5 4 -8.14697981114816
37 5 6 -4.68559
38 6 3 -8.14697981114816
39 6 4 -8.332281830033345
40 6 5 -8.49905364703001
41 6 7 -8.784233454094307
42 7 0 -8.784233454094307
43 7 1 -8.649148282327008
44 7 2 -8.49905364703001
45 7 3 -8.332281830033345
46 7 4 -8.49905364703001
47 7 5 -8.649148282327008
48 7 6 -8.784233454094307
49 7 7 -8.784233454094307