0 2 0 -4.246452500230713
0 2 1 -4.246452500230713
0 2 2 -4.246452500230713
0 2 3 -4.2792036637551005
0 4 0 0.0
0 4 1 0.0
0 4 2 0.0
0 4 3 0.0
1 0 0 -5.40091724921055
1 0 1 -5.480658862204557
1 0 2 -5.217030999999986
1 0 3 -5.723690246239212
1 1 0 -5.0562851192438725
1 1 1 -4.987876191157009
1 1 2 -4.685589999999989
1 1 3 -4.830539505320506
1 2 0 -4.595190541779587
1 2 1 -4.298396429312523
1 2 2 -4.320826074708161
1 2 3 -4.0950999999999915
1 4 0 -1.1319556830509445
1 4 1 -0.9999999999999996
1 4 2 -1.4464775281849285
1 4 3 -1.739065617007942
2 0 0 -5.874477974688896
2 0 1 -5.695327899999985
2 0 2 -5.847159120598729
2 0 3 -5.8998776104663415
2 2 0 -3.783397636513629
2 2 1 -3.826581598759151
2 2 2 -3.4389999999999956
2 2 3 -3.841011457573118
2 3 0 -3.2939718441648145
2 3 1 -2.9320091763512233
2 3 2 -2.7099999999999973
2 3 3 -3.0729416537822223
2 4 0 -2.5737625677438754
2 4 1 -1.8999999999999986
2 4 2 -2.280962251870072
2 4 3 -2.180344143955388