0 0 0 -7.137025959297953
0 0 1 -7.146714774636492
0 0 2 -7.144836664256296
0 0 3 -7.366713369543199
0 1 0 -7.144853648069171
0 1 1 -7.137025959297953
0 1 2 -7.164635274545336
0 1 3 -7.164346135257064
0 2 0 -7.131660542991083
0 2 1 -6.888071694889079
0 2 2 -7.173403571667594
0 2 3 -6.861894039100001
0 4 0 -6.50529786005024
0 4 1 -6.475239703481389
0 4 2 -6.12579511
0 4 3 -6.12579511
0 5 0 -6.385251250742072
0 5 1 -6.003626221142586
0 5 2 -6.120907737556454
0 5 3 -5.6953279000000006
0 7 0 0.0
0 7 1 0.0
0 7 2 0.0
0 7 3 0.0
1 0 0 -7.3660638825541165
1 0 1 -7.354859431518088
1 0 2 -7.175440416533158
1 0 3 -7.331743190407673
1 1 0 -7.364048101750494
1 1 1 -7.397422118093131
1 1 2 -6.861894039100001
1 1 3 -7.45685422581874
1 2 0 -7.175704635190001
1 2 1 -7.175704635190001
1 2 2 -6.5132155990000005
1 2 3 -7.175704635190001
1 3 0 -6.861894039100001
1 3 1 -6.5132155990000005
1 3 2 -6.12579511
1 3 3 -6.5132155990000005
1 4 0 -6.5132155990000005
1 4 1 -6.5132155990000005
1 4 2 -5.6953279000000006
1 4 3 -5.6953279000000006
1 5 0 -6.12579511
1 5 1 -6.12579511
1 5 2 -5.6953279000000006
1 5 3 -5.217031
1 7 0 -1.9
1 7 1 -1.0
1 7 2 -1.9
1 7 3 -2.71
2 0 0 -7.542772226535248
2 0 1 -7.440905165862765
2 0 2 -7.4419297274875875
2 0 3 -7.646690892097613
2 1 0 -7.611724769899462
2 1 1 -7.175704635190001
2 1 2 -7.175704635190001
2 1 3 -7.632272544992287
2 2 0 -7.458134171671
2 2 1 -6.861894039100001
2 2 2 -7.175704635190001
2 2 3 -7.458134171671
2 4 0 -5.611939593426888
2 4 1 -6.092920881559904
2 4 2 -5.217031
2 4 3 -5.217031
2 5 0 -5.6953279000000006
2 5 1 -5.6953279000000006
2 5 2 -5.217031
2 5 3 -4.68559
2 7 0 -2.71
2 7 1 -1.9
2 7 2 -2.71
2 7 3 -3.439
3 0 0 -7.576778771949787
3 0 1 -7.619329677947626
3 0 2 -7.598822767161725
3 0 3 -7.662648214138816
3 1 0 -7.739513998542037
3 1 1 -7.458134171671
3 1 2 -7.458134171671
3 1 3 -7.576778771949787
3 2 0 -7.7123207545039
3 2 1 -7.175704635190001
3 2 2 -7.458134171671
3 2 3 -7.7123207545039
3 4 0 -5.2164722484298
3 4 1 -5.6911619038545185
3 4 2 -4.68559
3 4 3 -4.867811268624385
3 5 0 -5.217031
3 5 1 -5.217031
3 5 2 -4.0951
3 5 3 -5.217031
3 6 0 -4.68559
3 6 1 -4.0951
3 6 2 -3.439
3 6 3 -4.68559
3 7 0 -4.0951
3 7 1 -2.71
3 7 2 -3.439
3 7 3 -4.0951
4 0 0 -7.576778771949787
4 0 1 -7.69086638272237
4 0 2 -7.576778771949787
4 0 3 -7.582537022908236
4 2 0 -7.7123207545039
4 2 1 -7.458134171671
4 2 2 -7.94108867905351
4 2 3 -7.94108867905351
4 3 0 -7.7123207545039
4 3 1 -7.936003424441278
4 3 2 -7.93427059069912
4 3 3 -8.107355823195471
4 5 0 -4.867811268624385
4 5 1 -4.68559
4 5 2 -4.68559
4 5 3 -4.867811268624385
4 6 0 -4.886606139360215
4 6 1 -4.0951
4 6 2 -4.0951
4 6 3 -4.421349667635201
4 7 0 -4.5896481731163785
4 7 1 -3.439
4 7 2 -4.063369997312001
4 7 3 -4.063369997312001
5 0 0 -7.834282354261789
5 0 1 -7.8036386362537025
5 0 2 -7.961767949126389
5 0 3 -7.770636470193804
5 1 0 -7.957171890469066
5 1 1 -8.140486833461111
5 1 2 -7.94108867905351
5 1 3 -8.141134207469326
5 2 0 -8.14697981114816
5 2 1 -7.7123207545039
5 2 2 -8.14697981114816
5 2 3 -7.94108867905351
5 3 0 -7.94108867905351
5 3 1 -7.94108867905351
5 3 2 -8.332281830033345
5 3 3 -8.332281830033345
5 4 0 -8.14697981114816
5 4 1 -8.201739582486937
5 4 2 -8.33075904900665
5 4 3 -8.499004258008776
5 6 0 -4.4215339876352004
5 6 1 -4.468660843697931
5 6 2 -4.4215339876352004
5 6 3 -4.4215339876352004
6 3 0 -8.332281830033345
6 3 1 -8.14697981114816
6 3 2 -8.49905364703001
6 3 3 -8.49905364703001
6 4 0 -8.332281830033345
6 4 1 -8.332281830033345
6 4 2 -8.402162747585063
6 4 3 -8.369249834248965
6 5 0 -8.483228975395068
6 5 1 -8.530667689008803
6 5 2 -8.530667689008803
6 5 3 -8.5172125714027
6 7 0 -8.556221294417348
6 7 1 -8.530667689008803
6 7 2 -8.530667689008803
6 7 3 -8.583032819147691
7 0 0 -8.905810108684877
7 0 1 -8.905810108684877
7 0 2 -8.784233454094307
7 0 3 -8.905810108684877
7 1 0 -8.905810108684877
7 1 1 -8.784233454094307
7 1 2 -8.649148282327008
7 1 3 -8.784233454094307
7 2 0 -8.784233454094307
7 2 1 -8.649148282327008
7 2 2 -8.49905364703001
7 2 3 -8.649148282327008
7 3 0 -8.649148282327008
7 3 1 -8.332281830033345
7 3 2 -8.649148282327008
7 3 3 -8.49905364703001
7 4 0 -8.49905364703001
7 4 1 -8.49905364703001
7 4 2 -8.637932987704588
7 4 3 -8.630267649154026
7 5 0 -8.626001529891056
7 5 1 -8.544755461458136
7 5 2 -8.550249572278783
7 5 3 -8.6482142738881
7 6 0 -8.641495510078887
7 6 1 -8.530667689008803
7 6 2 -8.53067310519489
7 6 3 -8.530667689008803
7 7 0 -8.607099269148492
7 7 1 -8.530668292317419
7 7 2 -8.530667689008803
7 7 3 -8.530667689008803